0.0030000000000000005
0.012335839209629095
0.014314587581673291
0.020531785839028326
0.02043717395087806
0.012619959657411759
0.030156963931872498
0.030156963931872498
0.02043717395087806
0.02043717395087806
0.02043717395087806
0.02043717395087806
0.02043717395087806
0.012477248056048934
0.014171658568326393
0.020437483578717303
0.01262392930484207
0.020437483578717303
0.01262392930484207
0.020208906396328427
0.02163036370939091
0.012704919096895093
0.020518473370770327
0.020657725689645457
0.01247353410077905
0.020518473370770327
0.020518473370770327
0.012704919096895093
0.01563643532783441
0.021374909768378598
0.012697576545910645
0.02050998323653465
0.012697576545910645
0.012697576545910645
0.012697576545910645
0.012697576545910645
0.02101006975875727
0.012699257911280518
0.012699257911280518
0.01269925791128052
0.01269925791128052
0.021148884643270544
0.012697944157373723
0.012697944157373723
0.012697944157373723
0.012697944157373723
0.012697944157373723
0.020226091112054548
0.012817080476826379
0.012300393919637557
